101
127
142
161
189
223
244
270
286
292
300
310
331
351
358
402
430
449
465
514
536
538
577
588
607
626
646
654
668
689
710
730
760
778
796
817
839
870
894
916
933
947
990
1018
1054
1112
1111
1128
1122
1154
1210
1186
1225
1301
1329
1430
1369
1388
1383
1419
1425
1453
1482
1581
1562
1583
1604
1643
1632
1647
1715
1693
1732
1760
1799
1851
1853
1794
1816
1871
1953
1993
2031
2059
2060
2047
2025
2019
2064
2080
2132
2143
2155
2183
2239
2299
