0.95
0.947917
0.932955
0.933594
0.929167
0.936538
0.936694
0.934375
0.934146
0.935598
0.9375
0.938393
0.939549
0.939962
0.938908
0.938322
0.938426
0.938372
0.937088
0.936719
0.937252
0.937382
0.936824
0.93653
0.9375
0.937698
0.937405
0.936857
0.936525
0.937243
0.937831
0.937019
0.937189
0.937349
0.937865
0.938139
0.938329
0.938642
0.938743
0.940051
0.94005
0.940595
0.940403
0.940162
0.939706
0.9401
0.940152
0.939778
0.939315
0.938821
0.939044
0.939502
0.940086
0.940461
0.941236
0.941757
0.941726
0.941958
0.942698
0.94261
0.942234
0.94326
0.942685
0.943315
0.94264
0.942523
0.942372
0.942262
0.942375
0.941799
0.941845
0.941959
0.941828
0.941564
0.942183
0.942487
0.943012
0.943426
0.943638
0.943908
0.944389
0.944273
0.944769
0.944742
0.944567
0.944777
0.944664
0.944553
0.944444
0.944619
0.944595
0.944326
0.944062
0.943616
0.943365
0.943251
0.943581
0.943776
0.943661
0.943548
0.943613
0.943725
0.94342
0.943411
0.943306
0.94356
0.944021
0.94389
0.944039
0.944116
0.944238
0.944132
0.944452
0.944457
0.944374
0.944488
0.944901
0.944817
0.944649
0.944862
0.944884
0.94507
0.945131
0.94517
0.945089
0.945068
0.945087
0.944988
0.945125
0.945356
0.945238
0.945293
0.945291
0.94542
0.94551
0.945266
0.94554
0.945426
0.945423
0.945672
0.945756
0.945503
0.945728
0.945793
0.945804
0.945627
0.945759
0.945652
0.945816
0.945811
0.945972
0.945734
0.945647
0.945659
0.945379
0.945184
0.945359
0.945054
0.944927
0.944975
0.944788
0.944556
0.944544
0.944654
0.944671
0.944476
0.944329
0.944363
0.944634
0.944356
0.944286
0.94432
0.944236
0.944241
0.944188
0.944221
0.944211
0.944244
0.944164
0.944196
0.944159
0.944012
0.943908
0.943914
0.943798
0.943844
0.944012
0.944084
0.943996
0.943975
0.944085
0.943802
0.943665
0.943517
0.943589
0.94375
0.943718
0.943889
0.943933
0.944064
