257
306
357
410
470
523
586
640
690
739
787
848
915
967
1011
1052
1113
1135
1198
1275
1346
1438
1469
1556
1595
1642
1694
1709
1773
1857
1895
1939
1994
2050
2088
2128
2389
2710
2616
2424
2435
2524
2561
2645
2720
2776
2848
2880
3116
3152
3212
3275
3341
3421
3482
3599
3644
3631
3667
3646
3601
3901
3748
4049
4085
4167
4212
4293
4307
4130
4151
4208
4294
4331
4394
4686
4504
4503
4616
4676
4714
4744
4829
4858
5187
5255
5062
5089
5130
5234
5246
5299
5388
6067
5564
5826
