335
392
459
539
604
679
489
543
612
634
675
726
787
823
864
903
959
975
1020
1097
1146
1194
1270
1324
1357
1399
1462
1464
1513
1570
1609
1636
1789
1887
1927
1959
1992
2129
2106
2051
2081
2117
2207
2275
2373
2469
2399
2447
2511
2545
2603
2643
2693
2758
2814
2854
2923
2903
2958
2990
3057
3339
3432
3499
3769
3571
3384
3414
3478
3492
3546
3572
3653
3915
3992
4034
3918
3810
3890
3959
4053
4056
4127
4175
4204
4260
4309
4380
4370
4443
4503
4543
4584
4727
4696
4754
