281
328
395
419
435
475
529
578
629
680
716
775
835
878
910
943
998
1022
1072
1145
1254
1400
1336
1382
1420
1459
1520
1565
1585
1618
1714
1759
1880
1932
1971
2012
2041
2117
2227
2288
2343
2368
2467
2410
2443
2462
2494
2549
2619
2649
2677
2715
2797
2867
2928
2924
2954
3012
3060
3084
3155
3218
3277
3342
3431
3432
3469
3499
3556
3590
3636
3724
3738
3780
3822
3893
3919
3890
3982
4196
4387
4428
4291
4239
4280
4368
4404
4447
4656
4590
4648
4811
5541
5545
4850
4889
