91
113
131
134
150
188
210
227
237
251
270
278
287
301
301
368
419
426
436
477
492
491
518
528
543
558
572
565
570
590
601
621
633
640
684
734
798
817
850
845
863
872
899
932
958
989
1003
993
1004
1022
1022
1039
1067
1102
1122
1139
1145
1170
1151
1177
1197
1196
1214
1247
1272
1298
1308
1339
1298
1335
1337
1347
1374
1444
1507
1573
1638
1703
1700
1722
1745
1782
1791
1829
1857
1838
1854
1866
1880
1914
1937
1957
1966
1984
2026
2043
