0.878145
0.939806
0.892669
0.887145
0.893511
0.901167
0.918899
0.939806
0.934274
0.944738
0.949338
0.947908
0.945119
0.94128
0.929765
0.936395
0.943407
0.945082
0.958325
0.959048
0.951037
0.95387
0.961703
0.96048
0.956947
0.969127
0.971471
0.969354
0.965318
0.964223
0.967063
0.959126
0.965571
0.962257
0.953452
0.955089
0.9561
0.961237
0.961524
0.961797
0.95335
0.948616
0.948254
0.944307
0.950658
0.954576
0.953274
0.953676
0.951236
0.948896
0.950523
0.949427
0.948001
0.946629
0.948536
0.950022
0.950417
0.948758
0.950163
0.950207
0.948312
0.948385
0.949081
0.949447
0.95071
0.948356
0.945191
0.946462
0.944273
0.942148
0.939806
0.943266
0.943128
0.940072
0.938671
0.938858
0.938786
0.936952
0.93616
0.934405
0.935362
0.9339
0.936495
0.937392
0.937112
0.934786
0.934769
0.934306
0.934516
0.937772
0.937723
0.936182
0.936784
0.936121
0.936297
0.936266
0.938055
0.937406
0.935582
0.935952
0.936119
0.938205
0.938538
0.937169
0.934146
0.933029
0.933032
0.933216
0.932319
0.931616
0.930925
0.930772
0.933221
0.932191
0.930669
0.932211
0.931049
0.932728
0.934049
0.934043
0.934846
0.934512
0.933548
0.933388
0.932761
0.931524
0.931538
0.931093
0.933537
0.933987
0.934281
0.935015
0.93559
0.934843
0.934542
0.934821
0.935524
0.934941
0.933944
0.9338
0.933242
0.933931
0.93461
0.93433
0.93648
0.936325
0.937102
0.938133
0.938626
0.937026
0.936613
0.936463
0.93542
0.935787
0.935015
0.936257
0.936487
0.936219
0.936201
0.937527
0.936165
0.9347
0.935051
0.934088
0.934793
0.934196
0.933255
0.93372
0.932793
0.933601
0.933485
0.933598
0.93337
0.932809
0.932253
0.933036
0.933259
0.93304
0.933914
0.934345
0.934771
0.935085
0.935395
0.934747
0.932839
0.933157
0.93368
0.933886
0.933366
0.932544
0.932139
0.932654
0.931747
0.931956
0.932664
0.93217
0.933166
0.933069
0.932776
0.933559
