156
197
220
248
381
346
389
433
455
487
520
487
416
411
419
486
542
557
576
615
643
653
689
710
777
756
775
782
798
827
851
865
895
930
955
1010
1058
1083
1126
1160
1171
1196
1249
1279
1309
1351
1376
1384
1421
1465
1485
1551
1544
1579
1611
1642
1803
1716
1690
1735
1747
1771
1805
1795
1833
1856
1904
1915
1901
1921
1954
1970
2007
2142
2153
2204
2264
2306
2347
2397
2406
2446
2474
2497
2532
2554
2591
2594
2617
2780
2691
2706
2752
2777
2850
2860
